0 1 0
1 1 0.008
2 1 0.999
3 1 0.053
4 1 0.708
5 1 0.711
6 1 0
7 1 0.564
8 1 0
9 1 0.62
10 1 0.637
11 1 0.695
12 1 0.996
13 1 0
14 1 0.721
15 1 0.665
16 1 0.619
17 1 0.109
18 1 0.999
19 1 0.682
20 1 0
21 1 0.023
22 1 0.592
23 1 0.001
24 1 0.556
25 1 0.707
26 1 0.001
27 1 0.681
28 1 0.003
29 1 0
30 1 0.663
31 1 0.674
32 1 0.237
33 1 0.006
34 1 0.597
35 1 0.997
36 1 0.002
37 1 0.024
38 1 0
39 1 0.556
40 1 0.007
41 1 0.674
42 1 0.066
43 1 0.612
44 1 0
45 1 0.015
46 1 0.641
47 1 0.545
48 1 0.003
49 1 0
50 1 0.586
51 1 0.972
52 1 0
53 1 0.544
54 1 0.017
55 1 0.636
56 1 0.574
57 1 0
58 1 0.645
59 1 0.53
60 1 0.682
61 1 0.086
62 1 0.003
63 1 0.55
64 1 0.205
65 1 0.056
66 1 0.004
67 1 0.004
68 1 0.654
69 1 0.024
70 1 0
71 1 0.571
72 1 0.009
73 1 0
74 1 0
75 1 0
76 1 0.563
77 1 0.109
78 1 0.897
79 1 0.005
80 1 0.112
81 1 0.002
82 1 0.698
83 1 0.008
84 1 0.57
85 1 0.001
86 1 0.627
87 1 0.63
88 1 0.214
89 1 0
90 1 0.044
91 1 0
92 1 0.004
93 1 0
94 1 0.605
95 1 0.013
96 1 0.693
97 1 0
98 1 0
99 1 0.003
100 1 0
101 1 0.01
102 1 0
103 1 0.531
104 1 0.653
105 1 0.897
106 1 0.566
107 1 0
108 1 0.016
109 1 0.972
110 1 0.04
111 1 0
112 1 0
113 1 0.006
114 1 0.017
115 1 0.008
116 1 0
117 1 0.013
118 1 0
119 1 0.635
120 1 0.979
121 1 0
122 1 0.729
123 1 0.538
124 1 0.682
125 1 0.681
126 1 0.007
127 1 0
128 1 0.004
129 1 0
130 1 0
131 1 0.567
132 1 0
133 1 0.869
134 1 0.572
135 1 0.578
136 1 0.001
137 1 0.607
138 1 0.001
139 1 0
140 1 0
141 1 0.997
142 1 0
143 1 0
144 1 0
145 1 0.564
146 1 0.673
147 1 0.672
148 1 0.873
149 1 0.002
150 1 0.685
151 1 0.561
152 1 0.034
153 1 0.004
154 1 0.586
155 1 0.005
156 1 0
157 1 0.035
158 1 0.683
159 1 1
160 1 0.03
161 1 0.663
162 1 0.001
163 1 0.025
164 1 0.068
165 1 0
166 1 0
167 1 0.578
168 1 0.006
169 1 0.067
170 1 0.026
171 1 0.706
172 1 0.608
173 1 0.003
174 1 0.041
175 1 0.571
176 1 0.72
177 1 0
178 1 0.001
179 1 0.629
180 1 0.668
181 1 0
182 1 0
183 1 0.565
184 1 0.997
185 1 0.944
186 1 0
187 1 0.602
188 1 0
189 1 0.019
190 1 0.002
191 1 0.001
192 1 0.577
193 1 0.009
194 1 0.065
195 1 0.581
196 1 0.005
197 1 0.004
198 1 0.592
199 1 0.504
200 1 0.654
201 1 0.002
202 1 0.521
203 1 0.003
204 1 0.561
205 1 0.582
206 1 0.543
207 1 0
208 1 0
209 1 0.669
210 1 0
211 1 0.022
212 1 0.002
213 1 0
214 1 0.65
215 1 0.671
216 1 0.066
217 1 0.017
218 1 0.009
219 1 0
220 1 0.672
221 1 0.93
222 1 0
223 1 0.593
224 1 0.663
225 1 0.57
226 1 0.003
227 1 0
228 1 0.576
229 1 0.055
230 1 0
231 1 0.528
232 1 0.001
233 1 0
234 1 0.903
235 1 0
236 1 0.521
237 1 0.516
238 1 0.693
239 1 0.012
240 1 0.663
241 1 0.013
242 1 0.901
243 1 0.591
244 1 0.978
245 1 0
246 1 0
247 1 0.58
248 1 0.951
249 1 0.002
250 1 0.176
251 1 0.007
252 1 0.13
253 1 0.641
254 1 0.009
255 1 0.013
256 1 0
257 1 1
258 1 0.678
259 1 0
260 1 0.216
261 1 0.04
262 1 0.002
263 1 0.691
264 1 0
265 1 0.672
266 1 0.578
267 1 0.605
268 1 0.001
269 1 0.659
270 1 0.577
271 1 0.031
272 1 0.633
273 1 0.586
274 1 0
275 1 0
276 1 0.009
277 1 0.619
278 1 0.004
279 1 0.684
280 1 0.975
281 1 0.997
282 1 0.528
283 1 0.908
284 1 0.018
285 1 0.014
286 1 0.286
287 1 0
288 1 0
289 1 0
290 1 0.657
291 1 0
292 1 0.011
293 1 0
294 1 0
295 1 0.634
296 1 0
297 1 0.008
298 1 0
299 1 0
300 1 0.019
301 1 0.93
302 1 0.005
303 1 0.999
304 1 0.009
305 1 0.001
306 1 0.01
307 1 0.566
308 1 0
309 1 0.034
310 1 0.633
311 1 0.655
312 1 0.668
313 1 0.004
314 1 0.655
315 1 0.571
316 1 0.001
317 1 0.003
318 1 0
319 1 0.006
320 1 0.519
321 1 0.243
322 1 0
323 1 0.003
324 1 0.52
325 1 0.911
326 1 0
327 1 0.003
328 1 0.008
329 1 0.933
330 1 0.016
331 1 0.535
332 1 0.648
333 1 0.624
334 1 0
335 1 0.663
336 1 0.001
337 1 0.657
338 1 0.654
339 1 0.588
340 1 0.12
341 1 0
342 1 0.264
343 1 0.027
344 1 0.005
345 1 0.641
346 1 0.001
347 1 0
348 1 0.957
349 1 0
350 1 0.627
351 1 0.72
352 1 0.028
353 1 0.569
354 1 0.622
355 1 0.603
356 1 0.984
357 1 0.656
358 1 0.999
359 1 0
360 1 0.673
361 1 0.604
362 1 0
363 1 0.614
364 1 0.001
365 1 0.001
366 1 0
367 1 0.007
368 1 0
369 1 0.006
370 1 0.66
371 1 0.004
372 1 0.629
373 1 0.579
374 1 0.003
375 1 0.601
376 1 0.053
377 1 0.705
378 1 0.52
379 1 0.67
380 1 0.668
381 1 0.672
382 1 0.008
383 1 0.019
384 1 0.065
385 1 0.547
386 1 0.001
387 1 0.688
388 1 0.014
389 1 0.006
390 1 0.004
391 1 0
392 1 0.693
393 1 0.003
394 1 0.516
395 1 0
396 1 0.678
397 1 0.691
398 1 0.568
399 1 0.069
400 1 0.591
401 1 0.008
402 1 0.023
403 1 0.629
404 1 0.669
405 1 0
406 1 0.728
407 1 0
408 1 0.001
409 1 0.097
410 1 0.002
411 1 0.685
412 1 0.908
413 1 0.882
414 1 0.705
415 1 0.973
416 1 0.692
417 1 0.53
418 1 0.001
419 1 0.001
420 1 0.582
421 1 0
422 1 0.003
423 1 0.999
424 1 0
425 1 0
426 1 0.62
427 1 0.015
428 1 0.602
429 1 0.917
430 1 0
431 1 0
432 1 0.715
433 1 0.564
434 1 0
435 1 0.615
436 1 0
437 1 0.002
438 1 0.332
439 1 0.686
440 1 0.581
441 1 0.001
442 1 0
443 1 0.038
444 1 0.1
445 1 0.998
446 1 0.952
447 1 0
448 1 0.034
449 1 0
450 1 0.036
451 1 0.578
452 1 0.659
453 1 0
454 1 0.552
455 1 0.005
456 1 0.557
457 1 0.001
458 1 0.565
459 1 0.004
460 1 0
461 1 0.676
462 1 0.688
463 1 0
464 1 0.654
465 1 0.005
466 1 0
467 1 0
468 1 0
469 1 0.29
470 1 0
471 1 0.685
472 1 0.955
473 1 0.625
474 1 0.702
475 1 0.974
476 1 0.538
477 1 0.967
478 1 0.737
479 1 0.006
480 1 0.653
481 1 0.6
482 1 0.52
483 1 0
484 1 0
485 1 0.001
486 1 0
487 1 0.76
488 1 0.974
489 1 0.677
490 1 0.652
491 1 0.08
492 1 0.566
493 1 0
494 1 0.605
495 1 0
496 1 0.006
497 1 0.001
498 1 0.537
499 1 0.587
500 1 0.003
501 1 0
502 1 0.686
503 1 0.064
504 1 0.005
505 1 0.699
506 1 0
507 1 0.001
508 1 0.004
509 1 0.647
510 1 0.933
511 1 0.625
512 1 0.699
513 1 0.603
514 1 0.579
515 1 0.006
516 1 0.012
517 1 0.682
518 1 0.062
519 1 0
520 1 0.693
521 1 0.474
522 1 0
523 1 0.009
524 1 0.688
525 1 0.005
526 1 0.994
527 1 0
528 1 0.028
529 1 0.584
530 1 0.534
531 1 0.005
532 1 0.001
533 1 0
534 1 0.014
535 1 0.018
536 1 0.54
537 1 0
538 1 0.005
539 1 0.004
540 1 0
541 1 0.561
542 1 0.831
543 1 0.012
544 1 0.648
545 1 0
546 1 0.024
547 1 0.011
548 1 0.931
549 1 0.573
550 1 0
551 1 0.64
552 1 0.544
553 1 0.003
554 1 0.595
555 1 0.702
556 1 0.671
557 1 0
558 1 0.687
559 1 0
560 1 0
561 1 0
562 1 0.85
563 1 0
564 1 0.56
565 1 0
566 1 0
567 1 0
568 1 0.001
569 1 0
570 1 0.005
571 1 0.001
572 1 0.001
573 1 0
574 1 0.517
575 1 0
576 1 0.078
577 1 0.614
578 1 0.006
579 1 0.659
580 1 0.016
581 1 0.005
582 1 0
583 1 0
584 1 0
585 1 0
586 1 0
587 1 0.006
588 1 0.005
589 1 0.61
590 1 0.976
591 1 0.015
592 1 0.002
593 1 0.008
594 1 0.975
595 1 0.157
596 1 0.646
597 1 0
598 1 0.697
599 1 0.656
600 1 0
601 1 0.669
602 1 0
603 1 0.014
604 1 0.029
605 1 0
606 1 0.001
607 1 0.005
608 1 0.012
609 1 0
610 1 0.705
611 1 0.998
612 1 0.015
613 1 0
614 1 0.665
615 1 0.157
616 1 0.002
617 1 0
618 1 0
619 1 0.004
620 1 0.655
621 1 0.62
622 1 0.542
623 1 0.532
624 1 0.01
625 1 0.675
626 1 0
627 1 0.675
628 1 0.005
629 1 0.992
630 1 0.566
631 1 0
632 1 0.562
633 1 0.974
634 1 0.012
635 1 0.617
636 1 0.687
637 1 0.005
638 1 0.059
639 1 0
640 1 0.007
641 1 0
642 1 0.513
643 1 0.002
644 1 0
645 1 0.519
646 1 0.065
647 1 0.002
648 1 0.658
649 1 0
650 1 0.535
651 1 0.663
652 1 0.003
653 1 0.002
654 1 0.635
655 1 0.997
656 1 0.996
657 1 0.701
658 1 0.684
659 1 0.008
660 1 0
661 1 0
662 1 0.02
663 1 0.63
664 1 0.977
665 1 0.753
666 1 0.004
667 1 0
668 1 0.98
669 1 0
670 1 0.709
671 1 0.675
672 1 0.013
673 1 0.596
674 1 0.871
675 1 0.563
676 1 0
677 1 0.01
678 1 0.597
679 1 0.001
680 1 0.579
681 1 0.532
682 1 0
683 1 0.003
684 1 0
685 1 0
686 1 0.005
687 1 0.619
688 1 0
689 1 0.701
690 1 0
691 1 0.003
692 1 0
693 1 0.006
694 1 0.008
695 1 0.27
696 1 0.005
697 1 0.542
698 1 0.607
699 1 0.003
700 1 0.582
701 1 0.005
702 1 0.694
703 1 0.64
704 1 0.705
705 1 0.001
706 1 0.571
707 1 0.05
708 1 0.583
709 1 0.006
710 1 0
711 1 0
712 1 0
713 1 0.001
714 1 0.629
715 1 0.523
716 1 0
717 1 0.655
718 1 0.573
719 1 0.61
720 1 0.003
721 1 0.671
722 1 0.701
723 1 0.665
724 1 0.034
725 1 0.001
726 1 0
727 1 0
728 1 0.004
729 1 0.024
730 1 0.007
731 1 0.706
732 1 0.002
733 1 0.608
734 1 0.748
735 1 0.588
736 1 0.578
737 1 0.626
738 1 0.001
739 1 0.003
740 1 0.644
741 1 0.707
742 1 0
743 1 0.687
744 1 0.638
745 1 0.001
746 1 0.003
747 1 0.004
748 1 0.066
749 1 0.96
750 1 0.002
751 1 0.999
752 1 0.67
753 1 0.999
754 1 0.672
755 1 0.001
756 1 0.005
757 1 0
758 1 0.619
759 1 0.465
760 1 0.589
761 1 0.007
762 1 0
763 1 0
764 1 0.005
765 1 0.016
766 1 0.652
767 1 0.524
768 1 0.597
769 1 0.006
770 1 0.011
771 1 0.571
772 1 0.554
773 1 0.653
774 1 0
775 1 0.01
776 1 0.005
777 1 0.003
778 1 0.692
779 1 0
780 1 0
781 1 0
782 1 1
783 1 0.002
784 1 0.001
785 1 0
786 1 0
787 1 0.02
788 1 0.007
789 1 0.999
790 1 0.002
791 1 0.026
792 1 0.691
793 1 0.758
794 1 0
795 1 0.001
796 1 0
797 1 0.974
798 1 0.996
799 1 0
800 1 0.584
801 1 0.677
802 1 0.004
803 1 0
804 1 0.008
805 1 0.538
806 1 0.683
807 1 0.002
808 1 0.076
809 1 0.576
810 1 0
811 1 0.001
812 1 0.005
813 1 0.022
814 1 0.655
815 1 1
816 1 0.591
817 1 0.579
818 1 0.007
819 1 0.587
820 1 0.652
821 1 0.006
822 1 0
823 1 0.571
824 1 0.049
825 1 0.629
826 1 0.002
827 1 0.002
828 1 0
829 1 0.003
830 1 0.658
831 1 0
832 1 0.679
833 1 0
834 1 0
835 1 0.002
836 1 0.004
837 1 0.038
838 1 0.572
839 1 0.011
840 1 0.001
841 1 0.012
842 1 0.003
843 1 0
844 1 0.001
845 1 0.001
846 1 0.674
847 1 0.009
848 1 0.002
849 1 0.004
850 1 0.596
851 1 0
852 1 0.534
853 1 0.67
854 1 0.715
855 1 0.02
856 1 0.001
857 1 0
858 1 0
859 1 0.584
860 1 0.001
861 1 0.006
862 1 0.605
863 1 0
864 1 0.716
865 1 0.003
866 1 0.515
867 1 0.004
868 1 0.597
869 1 0.002
870 1 0.003
871 1 0.003
872 1 0
873 1 0.013
874 1 0.684
875 1 0.002
876 1 0
877 1 0.034
878 1 0
879 1 0
880 1 0.985
881 1 0.997
882 1 0.024
883 1 0.002
884 1 1
885 1 0.006
886 1 0
887 1 0
888 1 0.001
889 1 0
890 1 0.004
891 1 0.69
892 1 0.694
893 1 0.001
894 1 0.026
895 1 0.002
896 1 0.004
897 1 0.609
898 1 0.004
899 1 0.003
900 1 0
901 1 0.041
902 1 0.036
903 1 0.66
904 1 0
905 1 0.01
906 1 0
907 1 0.011
908 1 0
909 1 0.553
910 1 0
911 1 0
912 1 0.232
913 1 0.605
914 1 0.959
915 1 0.017
916 1 0.017
917 1 0.006
918 1 0.003
919 1 0
920 1 0
921 1 0
922 1 0
923 1 0.016
924 1 0.003
925 1 0.618
926 1 0.004
927 1 0.975
928 1 0.247
929 1 0.557
930 1 0.698
931 1 0
932 1 0.004
933 1 0
934 1 0.998
935 1 0.999
936 1 0.567
937 1 0
938 1 0.195
939 1 0.014
940 1 0.032
941 1 0.618
942 1 0
943 1 0.017
944 1 0.011
945 1 0.002
946 1 0.048
947 1 0
948 1 0.548
949 1 0.665
950 1 0
951 1 0.992
952 1 1
953 1 0.559
954 1 0.628
955 1 0.01
956 1 0.709
957 1 0.972
958 1 0.001
959 1 0.001
960 1 0.694
961 1 0.497
962 1 0.864
963 1 0.008
964 1 0
965 1 0.001
966 1 0.632
967 1 0.607
968 1 0.087
969 1 0.973
970 1 0.951
971 1 0.609
972 1 0.643
973 1 0.07
974 1 0.689
975 1 0.979
976 1 0.964
977 1 0.009
978 1 0
979 1 0.026
980 1 0
981 1 0.978
982 1 0
983 1 0.682
984 1 0
985 1 0.685
986 1 0.644
987 1 0.654
988 1 0.004
989 1 0.307
990 1 0.997
991 1 0.631
992 1 0
993 1 0.896
994 1 0
995 1 0.004
996 1 0.574
997 1 0
998 1 0.001
999 1 0.606
1000 1 0
1001 1 0.62
1002 1 0
1003 1 0.002
1004 1 0.615
1005 1 0.641
1006 1 0
1007 1 0.981
1008 1 0.667
1009 1 0
1010 1 0.015
1011 1 0.01
1012 1 0.003
1013 1 0.687
1014 1 0.003
1015 1 0.043
1016 1 0.007
1017 1 0.538
1018 1 0.651
1019 1 0.686
1020 1 0.97
1021 1 0.039
1022 1 0.003
1023 1 0.006
1024 1 0.058
1025 1 0.631
1026 1 0.981
1027 1 0.007
1028 1 0.003
1029 1 0.937
1030 1 0
1031 1 0.576
1032 1 0.012
1033 1 0.003
1034 1 0.006
1035 1 0.976
1036 1 0
1037 1 0.895
1038 1 0
1039 1 0
1040 1 0.589
1041 1 0.557
1042 1 0.692
1043 1 0.005
1044 1 0.004
1045 1 0.02
1046 1 0
1047 1 0.004
1048 1 0
1049 1 0
1050 1 0.001
1051 1 0.579
1052 1 0.074
1053 1 0.005
1054 1 0.002
1055 1 0.677
1056 1 0.525
1057 1 0.621
1058 1 0
1059 1 0.002
1060 1 0
1061 1 0.001
1062 1 0
1063 1 0
1064 1 0.546
1065 1 0.002
1066 1 0.007
1067 1 0.684
1068 1 0
1069 1 0
1070 1 0
1071 1 0.999
1072 1 0.001
1073 1 0.001
1074 1 0.014
1075 1 0.314
1076 1 0.868
1077 1 0.864
1078 1 0.521
1079 1 0
1080 1 0.023
1081 1 0.01
1082 1 0.246
1083 1 0.008
1084 1 0.008
1085 1 0.017
1086 1 0.005
1087 1 0.005
1088 1 0.519
1089 1 0.584
1090 1 0
1091 1 0.574
1092 1 0
1093 1 0.663
1094 1 0.632
1095 1 0.518
1096 1 0.024
1097 1 0.004
1098 1 0.025
1099 1 0.676
1100 1 0.007
1101 1 0.001
1102 1 0.968
1103 1 0.051
1104 1 0.918
1105 1 0.002
1106 1 0
1107 1 0.001
1108 1 0.026
1109 1 0.583
1110 1 0.624
1111 1 0.576
1112 1 0.113
1113 1 0.009
1114 1 0.602
1115 1 0.015
1116 1 0.058
1117 1 0.555
1118 1 0.617
1119 1 0
1120 1 0
1121 1 0.674
1122 1 0
1123 1 0.675
1124 1 0.02
1125 1 0
1126 1 0.686
1127 1 0.009
1128 1 0
1129 1 0
1130 1 0
1131 1 0.004
1132 1 0
1133 1 0.999
1134 1 0.008
1135 1 0.694
1136 1 0
1137 1 0.578
1138 1 0.008
1139 1 0.524
1140 1 0.033
1141 1 0.003
1142 1 0
1143 1 0.779
1144 1 0.665
1145 1 0
1146 1 0.644
1147 1 0.045
1148 1 0.004
1149 1 0
1150 1 0.008
1151 1 0
1152 1 0.689
1153 1 0.668
1154 1 0.64
1155 1 0
1156 1 0.001
1157 1 0.004
1158 1 0.002
1159 1 0.595
1160 1 0.063
1161 1 0.004
1162 1 0.679
1163 1 0.004
1164 1 0.681
1165 1 0.316
1166 1 0.034
1167 1 0
1168 1 0
1169 1 0.051
1170 1 0.069
1171 1 0
1172 1 0
1173 1 0.014
1174 1 0
1175 1 0
1176 1 0
1177 1 0.004
1178 1 0.966
1179 1 0
1180 1 0
1181 1 0.002
1182 1 0.659
1183 1 0
1184 1 0.051
1185 1 0.999
1186 1 0.564
1187 1 0.675
1188 1 0.63
1189 1 0
1190 1 0
1191 1 0.588
1192 1 0.65
1193 1 0.001
1194 1 0.003
1195 1 0
1196 1 0
1197 1 0.629
1198 1 0.001
1199 1 0
1200 1 0.977
1201 1 0.866
1202 1 0.523
1203 1 0.552
1204 1 0.875
1205 1 0.975
1206 1 0.009
1207 1 0.546
1208 1 0.542
1209 1 0.053
1210 1 0.577
1211 1 0.657
1212 1 1
1213 1 0.003
1214 1 0.681
1215 1 0.009
1216 1 0.701
1217 1 0
1218 1 0.003
1219 1 0.576
1220 1 0.564
1221 1 0.241
1222 1 0.606
1223 1 0.003
1224 1 0.024
1225 1 0.585
1226 1 0
1227 1 0.671
1228 1 0.005
1229 1 0.657
1230 1 0.611
1231 1 0.009
1232 1 0
1233 1 0
1234 1 0.013
1235 1 0.001
1236 1 0.003
1237 1 0.591
1238 1 0.078
1239 1 0.002
1240 1 0.883
1241 1 0.584
1242 1 0
1243 1 0.027
1244 1 0.245
1245 1 0.001
1246 1 0.68
1247 1 0
1248 1 0.009
1249 1 0
1250 1 0.005
1251 1 0.002
1252 1 0.03
1253 1 0.011
1254 1 0.587
1255 1 0
1256 1 0.565
1257 1 1
1258 1 0
1259 1 0
1260 1 0.005
1261 1 0.643
1262 1 0
1263 1 0.67
1264 1 0
1265 1 0
1266 1 0.978
1267 1 0.004
1268 1 0.683
1269 1 0.015
1270 1 0.017
1271 1 0.02
1272 1 0.56
1273 1 0.963
1274 1 0
1275 1 0
1276 1 0.988
1277 1 0
1278 1 0
1279 1 0.62
1280 1 0.551
1281 1 0.002
1282 1 0.614
1283 1 0.684
1284 1 0.002
1285 1 0.009
1286 1 0.678
1287 1 0.573
1288 1 0.544
1289 1 0.011
1290 1 0.543
1291 1 0.011
1292 1 0
1293 1 0
1294 1 0
1295 1 0.005
1296 1 0.706
1297 1 0.07
1298 1 0.004
1299 1 0.658
1300 1 0.003
1301 1 0.005
1302 1 0
1303 1 0
1304 1 0
1305 1 0.999
1306 1 0.636
1307 1 0.913
1308 1 0.959
1309 1 0
1310 1 0.958
1311 1 0.014
1312 1 0.001
1313 1 0.636
1314 1 0.005
1315 1 0.076
1316 1 0.005
1317 1 0.014
1318 1 0
1319 1 0.655
1320 1 0.002
1321 1 0
1322 1 0
1323 1 0.611
1324 1 0
1325 1 0
1326 1 0
1327 1 0
1328 1 0
1329 1 0.001
1330 1 0
1331 1 0.006
1332 1 0.003
1333 1 0.003
1334 1 0.651
1335 1 0.684
1336 1 0.041
1337 1 0.006
1338 1 0
1339 1 0
1340 1 0.635
1341 1 0.005
1342 1 0.629
1343 1 0.001
1344 1 0
1345 1 0.622
1346 1 0.655
1347 1 0.696
1348 1 0.001
1349 1 0
1350 1 0.965
1351 1 0.081
1352 1 0
1353 1 0.671
1354 1 0.006
1355 1 0.52
1356 1 0.556
1357 1 0.71
1358 1 0.001
1359 1 0.019
1360 1 0
1361 1 0.621
1362 1 0.008
1363 1 0.007
1364 1 0
1365 1 0.533
1366 1 0.687
1367 1 0.655
1368 1 0.889
1369 1 0.001
1370 1 0.064
1371 1 0.513
1372 1 0.51
1373 1 0.609
1374 1 0.566
1375 1 0.003
1376 1 0.56
1377 1 0.01
1378 1 0
1379 1 0.676
1380 1 0.703
1381 1 0.58
1382 1 0.553
1383 1 0.538
1384 1 0.002
1385 1 0.679
1386 1 0
1387 1 0
1388 1 0
1389 1 0.002
1390 1 0
1391 1 0
1392 1 0.999
1393 1 0
1394 1 0.006
1395 1 0
1396 1 0.033
1397 1 0.586
1398 1 0.89
1399 1 0
1400 1 0
1401 1 0.021
1402 1 0.012
1403 1 0
1404 1 0.651
1405 1 0.677
1406 1 0.639
1407 1 0.003
1408 1 0.53
1409 1 0.029
1410 1 0
1411 1 0.002
1412 1 0
1413 1 0.689
1414 1 0
1415 1 0
1416 1 0.6
1417 1 0
1418 1 0.005
1419 1 0.974
1420 1 0.69
1421 1 0.001
1422 1 0.596
1423 1 0.041
1424 1 0
1425 1 0.702
1426 1 0.001
1427 1 0.004
1428 1 0
1429 1 0
1430 1 0.996
1431 1 0.001
1432 1 0.001
1433 1 0.981
1434 1 0.693
1435 1 0
1436 1 0.599
1437 1 0.016
1438 1 0.603
1439 1 0.575
1440 1 0.002
1441 1 0.581
1442 1 0
1443 1 0
1444 1 0
1445 1 0
1446 1 0.636
1447 1 0.593
1448 1 0.584
1449 1 0.007
1450 1 0.661
1451 1 0.036
1452 1 0.998
1453 1 0.979
1454 1 0
1455 1 0.6
1456 1 0.034
1457 1 0.722
1458 1 0.002
1459 1 0.646
1460 1 0.999
1461 1 0.633
1462 1 0.676
1463 1 0
1464 1 0
1465 1 0.576
1466 1 1
1467 1 0
1468 1 0.686
1469 1 0.025
1470 1 0.907
1471 1 0.514
1472 1 0
1473 1 0.921
1474 1 0.01
1475 1 0.003
1476 1 0.584
1477 1 0.678
1478 1 0.006
1479 1 0.038
1480 1 0
1481 1 0.701
1482 1 0
1483 1 0.027
1484 1 0.004
1485 1 0.067
1486 1 1
1487 1 0.65
1488 1 0.005
1489 1 0.001
1490 1 0
1491 1 0.009
1492 1 0.004
1493 1 0.595
1494 1 0
1495 1 0.555
1496 1 0
1497 1 0
1498 1 0
1499 1 0.005
1500 1 0.024
1501 1 0
1502 1 0.896
1503 1 0
1504 1 0.862
1505 1 0.006
1506 1 0.119
1507 1 0.002
1508 1 0.648
1509 1 0.002
1510 1 0
1511 1 0.998
1512 1 0
1513 1 0
1514 1 0
1515 1 0.635
1516 1 0
1517 1 0
1518 1 0.007
1519 1 0.588
1520 1 0.205
1521 1 0.565
1522 1 0
1523 1 0.942
1524 1 0.019
1525 1 0.379
1526 1 0.001
1527 1 0.641
1528 1 0.003
1529 1 0
1530 1 0
1531 1 0
1532 1 0.54
1533 1 0.001
1534 1 0
1535 1 0.977
1536 1 0
1537 1 0.102
1538 1 0.001
1539 1 0.16
1540 1 0.009
1541 1 0.68
1542 1 0.668
1543 1 0.586
1544 1 0.014
1545 1 0.005
1546 1 0.006
1547 1 0.657
1548 1 0.002
1549 1 0
1550 1 0.001
1551 1 0.12
1552 1 0.555
1553 1 0.677
1554 1 0
1555 1 0.02
1556 1 0.667
1557 1 0.002
1558 1 0.259
1559 1 0.004
1560 1 0
1561 1 0.545
1562 1 0
1563 1 0
1564 1 0.008
1565 1 0
1566 1 0
1567 1 0.652
1568 1 0.68
1569 1 0.624
1570 1 0
1571 1 0
1572 1 0.995
1573 1 0
1574 1 0.615
1575 1 0.668
1576 1 0.002
1577 1 0
1578 1 0.574
1579 1 0.515
1580 1 0
1581 1 0.003
1582 1 0
1583 1 0
1584 1 0.678
1585 1 0.002
1586 1 0.002
1587 1 0.694
1588 1 0.682
1589 1 0
1590 1 0.003
1591 1 0.604
1592 1 0
1593 1 0.033
1594 1 0.596
1595 1 0.008
1596 1 0
1597 1 0.674
1598 1 0.004
1599 1 0.028
1600 1 0.564
1601 1 0.559
1602 1 0
1603 1 0.597
1604 1 0.587
1605 1 0.561
1606 1 0.005
1607 1 0.02
1608 1 0
1609 1 0.049
1610 1 0.001
1611 1 0.878
1612 1 0.003
1613 1 0
1614 1 0.03
1615 1 0.01
1616 1 0.687
1617 1 0.631
1618 1 0
1619 1 0.153
1620 1 0.045
1621 1 0.94
1622 1 0.677
1623 1 0.847
1624 1 0.023
1625 1 0
1626 1 0.019
1627 1 0.615
1628 1 0
1629 1 0.004
1630 1 0.012
1631 1 0.658
1632 1 0.934
1633 1 0
1634 1 0.021
1635 1 0.039
1636 1 0.239
1637 1 0
1638 1 0.004
1639 1 0.546
1640 1 0.643
1641 1 0
1642 1 0.011
1643 1 0.025
1644 1 0.001
1645 1 0.003
1646 1 0.557
1647 1 0
1648 1 0.002
1649 1 0.568
1650 1 0
1651 1 0.611
1652 1 0
1653 1 0.001
1654 1 0.183
1655 1 0
1656 1 0.015
1657 1 0
1658 1 0.666
1659 1 0.003
1660 1 0
1661 1 0.515
1662 1 0
1663 1 0.001
1664 1 0.668
1665 1 0.106
1666 1 0.01
1667 1 0.004
1668 1 0.001
1669 1 0
1670 1 0.005
1671 1 0
1672 1 0
1673 1 0.661
1674 1 0.002
1675 1 0
1676 1 0.003
1677 1 0.002
1678 1 0
1679 1 0.004
1680 1 0
1681 1 0.677
1682 1 0.004
1683 1 0.582
1684 1 0.566
1685 1 0.659
1686 1 0.002
1687 1 0.003
1688 1 0
1689 1 0.001
1690 1 0.997
1691 1 0.638
1692 1 0.016
1693 1 0.004
1694 1 0
1695 1 0.686
1696 1 0.033
1697 1 0.068
1698 1 0.003
1699 1 0.024
1700 1 0.637
1701 1 0
1702 1 0.688
1703 1 0
1704 1 0.002
1705 1 0.101
1706 1 0
1707 1 0.138
1708 1 0.6
1709 1 0.018
1710 1 0.001
1711 1 0
1712 1 0.671
1713 1 0
1714 1 0.679
1715 1 0.59
1716 1 0.002
1717 1 0.527
1718 1 0
1719 1 0.647
1720 1 0
1721 1 0
1722 1 0.659
1723 1 0.002
1724 1 0.005
1725 1 0.917
1726 1 0
1727 1 0.999
1728 1 0.576
1729 1 0.011
1730 1 0.012
1731 1 0.558
1732 1 0.608
1733 1 0.002
1734 1 0
1735 1 0.637
1736 1 0
1737 1 0.611
1738 1 0.595
1739 1 0.091
1740 1 0.004
1741 1 0.918
1742 1 0.004
1743 1 0.022
1744 1 0
1745 1 0
1746 1 0
1747 1 0.911
1748 1 0.001
1749 1 0.004
1750 1 0.678
1751 1 0
1752 1 0
1753 1 1
1754 1 0.005
1755 1 0.001
1756 1 0.998
1757 1 0.68
1758 1 0
1759 1 0.06
1760 1 0
1761 1 0.604
1762 1 0.67
1763 1 0.035
1764 1 0.619
1765 1 0.922
1766 1 0.004
1767 1 0.774
1768 1 0.585
1769 1 0.003
1770 1 0.058
1771 1 0.979
1772 1 0.999
1773 1 0.573
1774 1 0.686
1775 1 0
1776 1 0.659
1777 1 0.64
1778 1 0
1779 1 0.009
1780 1 0.531
1781 1 0.586
1782 1 0.005
1783 1 0
1784 1 0
1785 1 0.002
1786 1 0
1787 1 0.581
1788 1 0.001
1789 1 0.638
1790 1 0.575
1791 1 0
1792 1 0.004
1793 1 1
1794 1 0.689
1795 1 0.004
1796 1 0
1797 1 0.517
1798 1 0.002
1799 1 0.702
1800 1 0.648
1801 1 0.001
1802 1 0.002
1803 1 0.001
1804 1 0.678
1805 1 0
1806 1 0
1807 1 0.617
1808 1 0.999
1809 1 0.965
1810 1 0.649
1811 1 0.999
1812 1 0.011
1813 1 0.663
1814 1 0.588
1815 1 0.642
1816 1 0.668
1817 1 0
1818 1 0.003
1819 1 0.612
1820 1 0.705
1821 1 1
1822 1 0
1823 1 0.003
1824 1 0.68
1825 1 0.005
1826 1 0
1827 1 0.611
1828 1 0.994
1829 1 0.686
1830 1 0.675
1831 1 0.001
1832 1 0.005
1833 1 0.637
1834 1 0
1835 1 0
1836 1 0.007
1837 1 0.666
1838 1 0.58
1839 1 0.017
1840 1 0.013
1841 1 0.144
1842 1 0.604
1843 1 0.022
1844 1 0.282
1845 1 0.706
1846 1 0.04
1847 1 0.655
1848 1 0.664
1849 1 0.004
1850 1 0.557
1851 1 0.045
1852 1 0.033
1853 1 0.642
1854 1 0.567
1855 1 0
1856 1 0.595
1857 1 0.001
1858 1 0.625
1859 1 0.563
1860 1 0.035
1861 1 0.678
1862 1 0.011
1863 1 0.689
1864 1 0.001
1865 1 0.636
1866 1 0.006
1867 1 0.002
1868 1 0.638
1869 1 0.001
1870 1 0.016
1871 1 0.001
1872 1 0
1873 1 0.999
1874 1 0
1875 1 0.65
1876 1 0
1877 1 0.666
1878 1 0.624
1879 1 0
1880 1 0
1881 1 0.006
1882 1 0.997
1883 1 0.996
1884 1 0.004
1885 1 0.542
1886 1 0.005
1887 1 0.059
1888 1 0
1889 1 0.786
1890 1 0
1891 1 0.006
1892 1 0.891
1893 1 0.008
1894 1 0.691
1895 1 0.621
1896 1 0.628
1897 1 0.655
1898 1 0
1899 1 0.009
1900 1 0.685
1901 1 0.006
1902 1 0.5
1903 1 0.001
1904 1 0.877
1905 1 0.011
1906 1 0
1907 1 0
1908 1 0.002
1909 1 0
1910 1 0.001
1911 1 0.197
1912 1 0.004
1913 1 0.999
1914 1 0.018
1915 1 0.065
1916 1 0.035
1917 1 0.029
1918 1 0.571
1919 1 0.002
1920 1 0.587
1921 1 0
1922 1 0.588
1923 1 0
1924 1 0
1925 1 0
1926 1 0.624
1927 1 0.637
1928 1 0.997
1929 1 0.589
1930 1 0.005
1931 1 0.167
1932 1 0.018
1933 1 0
1934 1 0.001
1935 1 0.996
1936 1 0.003
1937 1 0
1938 1 0.035
1939 1 0.644
1940 1 0.665
1941 1 0
1942 1 0
1943 1 0.002
1944 1 0.656
1945 1 0.677
1946 1 0
1947 1 0.682
1948 1 0.006
1949 1 0
1950 1 0.003
1951 1 0.002
1952 1 0
1953 1 0
1954 1 0.06
1955 1 0
1956 1 0.537
1957 1 0.006
1958 1 0.641
1959 1 0
1960 1 0.001
1961 1 0.59
1962 1 0.598
1963 1 0
1964 1 0.006
1965 1 0
1966 1 0.613
1967 1 0.004
1968 1 0.699
1969 1 0
1970 1 0.679
1971 1 0.006
1972 1 0
1973 1 0.996
1974 1 0.624
1975 1 0.841
1976 1 0.64
1977 1 0.534
1978 1 0
1979 1 0
1980 1 0.045
1981 1 0
1982 1 0.632
1983 1 0.729
1984 1 0.006
1985 1 0.002
1986 1 0.014
1987 1 0.004
1988 1 0.027
1989 1 0
1990 1 0.085
1991 1 0.032
1992 1 0.678
1993 1 0.602
1994 1 0.604
1995 1 0.65
1996 1 0.616
1997 1 0.983
1998 1 0
1999 1 0.71
2000 1 0.01
2001 1 0.698
2002 1 0
2003 1 0.936
2004 1 0.034
2005 1 0
2006 1 0.999
2007 1 0.593
2008 1 0.014
2009 1 0.001
2010 1 0.573
2011 1 0.555
2012 1 0.005
2013 1 0
2014 1 0.09
2015 1 0
2016 1 0.001
2017 1 0
2018 1 0.005
2019 1 0.682
2020 1 0.002
2021 1 0.567
2022 1 0.005
2023 1 0.019
2024 1 0.669
2025 1 0.534
2026 1 0.7
2027 1 0.003
2028 1 0.015
2029 1 0.704
2030 1 0.7
2031 1 0.008
2032 1 0
2033 1 0.679
2034 1 0.63
2035 1 0.004
2036 1 0.638
2037 1 0.565
2038 1 0.006
2039 1 0.968
2040 1 0.602
2041 1 0.656
2042 1 0.521
2043 1 0.015
2044 1 0.626
2045 1 0
2046 1 0
2047 1 0
2048 1 0.893
2049 1 0
2050 1 0.9
2051 1 0.604
2052 1 0.599
2053 1 0.012
2054 1 0
2055 1 0.001
2056 1 0.013
2057 1 0.675
2058 1 0
2059 1 0
2060 1 0.578
2061 1 0
2062 1 0.032
2063 1 0.001
2064 1 0
2065 1 0.63
2066 1 0.006
2067 1 0.01
2068 1 0.991
2069 1 0.048
2070 1 0.98
2071 1 0.62
2072 1 0
2073 1 0.605
2074 1 0.49
2075 1 0.658
2076 1 0.975
2077 1 0.009
2078 1 0.129
2079 1 0
2080 1 0
2081 1 0.632
2082 1 0.004
2083 1 0.021
2084 1 0.572
2085 1 0.615
2086 1 0.332
2087 1 0.001
2088 1 0
2089 1 0.004
2090 1 0.96
2091 1 0.013
2092 1 0.007
2093 1 0.002
2094 1 0.246
2095 1 0.711
2096 1 0.004
2097 1 0
2098 1 0.003
2099 1 0.666
2100 1 0.001
2101 1 0.001
2102 1 0.002
2103 1 0.006
2104 1 0.519
2105 1 0.153
2106 1 0.576
2107 1 0.999
2108 1 0.012
2109 1 0.602
2110 1 0.002
2111 1 0.01
2112 1 0.005
2113 1 0.595
2114 1 0.025
2115 1 0.694
2116 1 0.121
2117 1 0.603
2118 1 0.977
2119 1 0
2120 1 0
2121 1 0
2122 1 0
2123 1 0.69
2124 1 0.647
2125 1 0.576
2126 1 0
2127 1 0.017
2128 1 0
2129 1 0
2130 1 0.031
2131 1 0
2132 1 0.001
2133 1 0.635
2134 1 0.659
2135 1 0.694
2136 1 0.021
2137 1 0.542
2138 1 0.001
2139 1 0.001
2140 1 0.025
2141 1 0
2142 1 0
2143 1 0.006
2144 1 0.573
2145 1 0.593
2146 1 0.854
2147 1 0
2148 1 0.002
2149 1 0.102
2150 1 0.648
2151 1 0.009
2152 1 1
2153 1 0
2154 1 0.546
2155 1 0
2156 1 0.166
2157 1 0.026
2158 1 0.693
2159 1 0.005
2160 1 0.655
2161 1 0.997
2162 1 0.001
2163 1 0
2164 1 1
2165 1 0.542
2166 1 0.581
2167 1 0.004
2168 1 0.003
2169 1 0.661
2170 1 0
2171 1 0.969
2172 1 0
2173 1 0.681
2174 1 0.586
2175 1 0.955
2176 1 0
2177 1 0.662
2178 1 0.005
2179 1 0.003
2180 1 0
2181 1 0.003
2182 1 0.968
2183 1 0.044
2184 1 0.004
2185 1 0.003
2186 1 0.629
2187 1 0.001
2188 1 0
2189 1 0.036
2190 1 0
2191 1 0.579
2192 1 0.002
2193 1 0.685
2194 1 0.584
2195 1 0.644
2196 1 0.524
2197 1 0.009
2198 1 0.631
2199 1 0.592
2200 1 0.72
2201 1 0
2202 1 0.644
2203 1 0
2204 1 0.007
2205 1 0.001
2206 1 0.647
2207 1 0.001
2208 1 0.064
2209 1 0
2210 1 0
2211 1 0.001
2212 1 0.008
2213 1 0.001
2214 1 0.001
2215 1 0
2216 1 0.004
2217 1 0.689
2218 1 0.006
2219 1 0.533
2220 1 0
2221 1 0.052
2222 1 0
2223 1 0
2224 1 0.688
2225 1 0.068
2226 1 0.961
2227 1 0.006
2228 1 0.566
2229 1 0
2230 1 0.003
2231 1 0
2232 1 0.013
2233 1 0.632
2234 1 0.005
2235 1 0.687
2236 1 0.069
2237 1 0.559
2238 1 0.57
2239 1 0.001
2240 1 0.7
2241 1 0
2242 1 0
2243 1 0.012
2244 1 0
2245 1 0.559
2246 1 0.004
2247 1 0.101
2248 1 0.69
2249 1 0.004
2250 1 0.027
2251 1 0.555
2252 1 0.588
2253 1 0.653
2254 1 0.03
2255 1 0.003
2256 1 0
2257 1 0.003
2258 1 0
2259 1 0.034
2260 1 0.004
2261 1 0.019
2262 1 0
2263 1 0
2264 1 0.573
2265 1 0
2266 1 0
2267 1 0.008
2268 1 0.596
2269 1 0.999
2270 1 0.002
2271 1 0.667
2272 1 0.002
2273 1 0.646
2274 1 0.56
2275 1 0.686
2276 1 0.573
2277 1 0.53
2278 1 0.587
2279 1 0.002
2280 1 0.686
2281 1 0.977
2282 1 0
2283 1 0.037
2284 1 0.973
2285 1 0.907
2286 1 0.003
2287 1 0.678
2288 1 0
2289 1 0.628
2290 1 0.673
2291 1 0.641
2292 1 0.998
2293 1 0.004
2294 1 0.003
2295 1 0.01
2296 1 0.548
2297 1 0
2298 1 0
2299 1 0.598
2300 1 0
2301 1 0.89
2302 1 0.005
2303 1 0.001
2304 1 0.558
2305 1 0.235
2306 1 0.702
2307 1 0.685
2308 1 0.021
2309 1 0.688
2310 1 0
2311 1 0
2312 1 0.004
2313 1 0
2314 1 0.559
2315 1 0.7
2316 1 0
2317 1 0.697
2318 1 0.004
2319 1 0.867
2320 1 0.27
2321 1 0.679
2322 1 0.991
2323 1 0.931
2324 1 0
2325 1 0.004
2326 1 0.642
2327 1 0.004
2328 1 0
2329 1 0.686
2330 1 0.679
2331 1 0.64
2332 1 0.576
2333 1 0.8
2334 1 0.688
2335 1 0.002
2336 1 0.003
2337 1 0.678
2338 1 0.61
2339 1 0.662
2340 1 0
2341 1 0.625
2342 1 0.001
2343 1 0.003
2344 1 0.022
2345 1 0.977
2346 1 0
2347 1 0.622
2348 1 0.672
2349 1 0.668
2350 1 0.618
2351 1 0.001
2352 1 0.666
2353 1 0
2354 1 0.679
2355 1 0
2356 1 0.013
2357 1 0.711
2358 1 0.592
2359 1 0.636
2360 1 0
2361 1 0.711
2362 1 0.005
2363 1 0.017
2364 1 0
2365 1 0.325
2366 1 0
2367 1 0.688
2368 1 0.867
2369 1 0.381
2370 1 0
2371 1 0
2372 1 0.584
2373 1 0.552
2374 1 0.698
2375 1 0
2376 1 0.971
2377 1 0.001
2378 1 0.891
2379 1 0.612
2380 1 0.03
2381 1 0
2382 1 0.002
2383 1 0.293
2384 1 0.621
2385 1 0.696
2386 1 0.004
2387 1 0
2388 1 0.617
2389 1 0.689
2390 1 0.649
2391 1 0.901
2392 1 0.57
2393 1 0.012
2394 1 0.014
2395 1 0
2396 1 0.005
2397 1 0.048
2398 1 0.616
2399 1 0
2400 1 0.529
2401 1 0.006
2402 1 0.006
2403 1 0.008
2404 1 0.144
2405 1 0
2406 1 0.004
2407 1 0.692
2408 1 0.684
2409 1 0.001
2410 1 0
2411 1 0
2412 1 0.616
2413 1 0.91
2414 1 0.01
2415 1 0.123
2416 1 0.783
2417 1 0.513
2418 1 0.053
2419 1 0.045
2420 1 0.992
2421 1 0.001
2422 1 0
2423 1 0.68
2424 1 0.69
2425 1 0.002
2426 1 0.563
2427 1 0.007
2428 1 0.003
2429 1 0.005
2430 1 0
2431 1 0.001
2432 1 0.01
2433 1 0.001
2434 1 0.037
2435 1 0.003
2436 1 0.68
2437 1 0.059
2438 1 0
2439 1 0.674
2440 1 0.712
2441 1 0.877
2442 1 0.006
2443 1 0.003
2444 1 0.001
2445 1 0
2446 1 0.179
2447 1 0.681
2448 1 0
2449 1 0.002
2450 1 0.007
2451 1 0.536
2452 1 0.005
2453 1 0.586
2454 1 0.655
2455 1 0
2456 1 0
2457 1 0.581
2458 1 0.965
2459 1 0.59
2460 1 0.61
2461 1 0.008
2462 1 0
2463 1 0.005
2464 1 0.004
2465 1 0
2466 1 0
2467 1 0.01
2468 1 0.001
2469 1 0
2470 1 0.033
2471 1 0
2472 1 0.007
2473 1 0.594
2474 1 0.006
2475 1 0.51
2476 1 0
2477 1 0
2478 1 0.679
2479 1 0.004
2480 1 0.001
2481 1 0.012
2482 1 0.019
2483 1 0
2484 1 0.001
2485 1 0.006
2486 1 0.653
2487 1 0
2488 1 0
2489 1 0.007
2490 1 0
2491 1 0.005
2492 1 0.969
2493 1 0.013
2494 1 0.957
2495 1 0.001
2496 1 0.649
2497 1 0.092
2498 1 0.047
2499 1 0.624
2500 1 0.985
2501 1 0.008
2502 1 0
2503 1 0
2504 1 0.559
2505 1 0.011
2506 1 0.578
2507 1 0.627
2508 1 0.636
2509 1 0.676
2510 1 0.952
2511 1 0.703
2512 1 0.503
2513 1 0.003
2514 1 0.646
2515 1 0.046
2516 1 0
2517 1 0.655
2518 1 0.003
2519 1 0.538
2520 1 0
2521 1 0.01
2522 1 0.002
2523 1 0
2524 1 0.714
2525 1 0
2526 1 0.649
2527 1 0.665
2528 1 0.111
2529 1 0.001
2530 1 0.002
2531 1 0
2532 1 0.491
2533 1 0.275
2534 1 0.665
2535 1 0.01
2536 1 0.953
2537 1 0.004
2538 1 0.659
2539 1 0.007
2540 1 0.515
2541 1 0.639
2542 1 0.261
2543 1 0
2544 1 0.009
2545 1 0.006
2546 1 0.602
2547 1 0.593
2548 1 0.697
2549 1 0
2550 1 0.585
2551 1 0.001
2552 1 0.014
2553 1 0.006
2554 1 0
2555 1 1
2556 1 0.527
2557 1 0.672
2558 1 0.639
2559 1 0.002
2560 1 0.914
2561 1 0
2562 1 0
2563 1 0
2564 1 0.679
2565 1 0
2566 1 0.708
2567 1 0.668
2568 1 0
2569 1 0.565
2570 1 0.087
2571 1 0.608
2572 1 0.664
2573 1 0
2574 1 0.64
2575 1 0
2576 1 0.002
2577 1 0
2578 1 0.646
2579 1 0
2580 1 0.653
2581 1 0.001
2582 1 0
2583 1 0
2584 1 0.001
2585 1 0.679
2586 1 0
2587 1 1
2588 1 0.003
2589 1 0.746
2590 1 0.667
2591 1 0.634
2592 1 0.027
2593 1 0
2594 1 0.628
2595 1 0.599
2596 1 0.932
2597 1 0.068
2598 1 0.239
2599 1 0.037
2600 1 0.655
2601 1 0.001
2602 1 0
2603 1 0.002
2604 1 0.531
2605 1 0.073
2606 1 0.687
2607 1 0.695
2608 1 0
2609 1 0.653
2610 1 0.662
2611 1 0.035
2612 1 0.166
2613 1 0.558
2614 1 0.994
2615 1 0.048
2616 1 0.996
2617 1 0.004
2618 1 0.564
2619 1 0.007
2620 1 0.656
2621 1 0.665
2622 1 0.006
2623 1 0
2624 1 0.999
2625 1 1
2626 1 0.002
2627 1 0.661
2628 1 0.603
2629 1 0.986
2630 1 0.006
2631 1 0.002
2632 1 0
2633 1 0.692
2634 1 0.002
2635 1 0.577
2636 1 0.646
2637 1 0.012
2638 1 0.639
2639 1 0.01
2640 1 0.575
2641 1 0.008
2642 1 0.001
2643 1 0.001
2644 1 0.008
2645 1 0.015
2646 1 0.999
2647 1 0.666
2648 1 0.935
2649 1 0.691
2650 1 0.008
2651 1 0.661
2652 1 1
2653 1 0.572
2654 1 0
2655 1 0.009
2656 1 0.061
2657 1 0.19
2658 1 0
2659 1 0.635
2660 1 0.021
2661 1 0
2662 1 0.041
2663 1 0.584
2664 1 0.942
2665 1 0.014
2666 1 0.007
2667 1 0.002
2668 1 0.674
2669 1 0.119
2670 1 0
2671 1 0.654
2672 1 0.002
2673 1 0.019
2674 1 0.042
2675 1 0.002
2676 1 0
2677 1 0
2678 1 0.015
2679 1 0.006
2680 1 0.006
2681 1 0.648
2682 1 0.793
2683 1 0.001
2684 1 0.978
2685 1 0.68
2686 1 0.667
2687 1 0
2688 1 0.002
2689 1 0.671
2690 1 0.192
2691 1 0.672
2692 1 0.077
2693 1 0
2694 1 0
2695 1 0.011
2696 1 0.006
2697 1 0.022
2698 1 0
2699 1 0
2700 1 0.612
2701 1 0.005
2702 1 0
2703 1 0.687
2704 1 0.548
2705 1 0
2706 1 0
2707 1 0.002
2708 1 0.002
2709 1 0
2710 1 0.011
2711 1 0.612
2712 1 0.671
2713 1 0
2714 1 0.001
2715 1 0
2716 1 0.005
2717 1 0.525
2718 1 0.648
2719 1 0.002
2720 1 0.002
2721 1 0
2722 1 0.662
2723 1 0
2724 1 0
2725 1 0.579
2726 1 0.012
2727 1 0.576
2728 1 0.712
2729 1 0
2730 1 0.214
2731 1 0.56
2732 1 0.567
2733 1 0.028
2734 1 0.666
2735 1 0.054
2736 1 0.589
2737 1 0.008
2738 1 0.17
2739 1 0
2740 1 0.004
2741 1 0.004
2742 1 0.003
2743 1 0.001
2744 1 0.655
2745 1 0.657
2746 1 0.646
2747 1 0.625
2748 1 0
2749 1 0.611
2750 1 0.677
2751 1 0.038
2752 1 0.649
2753 1 0.006
2754 1 0
2755 1 0.007
2756 1 0.706
2757 1 0.739
2758 1 0.002
2759 1 0.685
2760 1 0.001
2761 1 0
2762 1 0
2763 1 0.005
2764 1 0.121
2765 1 0.703
2766 1 0.562
2767 1 0.561
2768 1 0.669
2769 1 0
2770 1 0.007
2771 1 0.581
2772 1 0.999
2773 1 0.695
2774 1 0.634
2775 1 0.599
2776 1 0
2777 1 0.001
2778 1 0.623
2779 1 0.662
2780 1 0.139
2781 1 0.004
2782 1 0.988
2783 1 0.972
2784 1 0.001
2785 1 0.001
2786 1 0.001
2787 1 0.548
2788 1 0.027
2789 1 0.787
2790 1 0.961
2791 1 0
2792 1 0.692
2793 1 0.631
2794 1 0
2795 1 0
2796 1 0.001
2797 1 0.701
2798 1 0.999
2799 1 0.652
2800 1 0.557
2801 1 0.63
2802 1 0.994
2803 1 0.002
2804 1 0
2805 1 0.009
2806 1 0.998
2807 1 0.674
2808 1 0.188
2809 1 0.004
2810 1 0
2811 1 1
2812 1 0
2813 1 0.009
2814 1 0.001
2815 1 0.019
2816 1 0.002
2817 1 0.534
2818 1 0.608
2819 1 0.04
2820 1 0
2821 1 0.681
2822 1 0.589
2823 1 0.683
2824 1 0.598
2825 1 0.553
2826 1 0.893
2827 1 0.006
2828 1 0
2829 1 0.002
2830 1 0.649
2831 1 0.612
2832 1 0.514
2833 1 0.652
2834 1 0.677
2835 1 0.029
2836 1 0.657
2837 1 0
2838 1 0.69
2839 1 0.849
2840 1 0.021
2841 1 0.679
2842 1 0.042
2843 1 0.557
2844 1 0
2845 1 0
2846 1 0
2847 1 0.004
2848 1 0.584
2849 1 0.616
2850 1 0.689
2851 1 0.008
2852 1 0.003
2853 1 0.633
2854 1 0.007
2855 1 0
2856 1 0.032
2857 1 0.682
2858 1 0
2859 1 0.007
2860 1 0
2861 1 0.688
2862 1 0
2863 1 0.001
2864 1 0
2865 1 0
2866 1 0.667
2867 1 0.004
2868 1 0.367
2869 1 0.523
2870 1 0.569
2871 1 0
2872 1 0.42
2873 1 0.003
2874 1 0
2875 1 0.676
2876 1 0
2877 1 0.616
2878 1 0
2879 1 0
2880 1 0.958
2881 1 0
2882 1 0
2883 1 0
2884 1 0.002
2885 1 0
2886 1 0
2887 1 0
2888 1 1
2889 1 0
2890 1 0
2891 1 0
2892 1 0.003
2893 1 0.436
2894 1 0.038
2895 1 0.684
2896 1 0.566
2897 1 0.153
2898 1 0.907
2899 1 0.003
2900 1 0.87
2901 1 0
2902 1 0.001
2903 1 0.666
2904 1 0.676
2905 1 0.545
2906 1 0.005
2907 1 0.594
2908 1 0.543
2909 1 0.124
2910 1 0.03
2911 1 0
2912 1 0.067
2913 1 0.567
2914 1 0.608
2915 1 0.555
2916 1 0.01
2917 1 0.01
2918 1 0.048
2919 1 0.023
2920 1 0.997
2921 1 0
2922 1 0.004
2923 1 0.009
2924 1 0.022
2925 1 0.005
2926 1 0.601
2927 1 0
2928 1 0
2929 1 0.7
2930 1 0.022
2931 1 0.856
2932 1 0.017
2933 1 0.698
2934 1 0.003
2935 1 0.005
2936 1 0.672
2937 1 0
2938 1 0.015
2939 1 0.012
2940 1 0.676
2941 1 0
2942 1 0.624
2943 1 0.001
2944 1 0
2945 1 0.608
2946 1 0
2947 1 0.012
2948 1 0.934
2949 1 0.956
2950 1 0.979
2951 1 1
2952 1 0.006
2953 1 0.969
2954 1 0.652
2955 1 0.002
2956 1 0.003
2957 1 0.947
2958 1 0
2959 1 0.004
2960 1 0.031
2961 1 0
2962 1 0
2963 1 0.004
2964 1 0.008
2965 1 0.551
2966 1 0.008
2967 1 0.68
2968 1 0.962
2969 1 0.672
2970 1 0.659
2971 1 0
2972 1 0.003
2973 1 0
2974 1 0.668
2975 1 0
2976 1 1
2977 1 0.006
2978 1 0.014
2979 1 0
2980 1 0.595
2981 1 0.169
2982 1 0.999
2983 1 0.062
2984 1 0.006
2985 1 0
2986 1 0
2987 1 0.025
2988 1 0
2989 1 0.004
2990 1 0.009
2991 1 0
2992 1 0.002
2993 1 0
2994 1 0
2995 1 0.679
2996 1 0
2997 1 0.584
2998 1 0
2999 1 0
3000 1 0.003
3001 1 0.005
3002 1 0
3003 1 0.004
3004 1 0.001
3005 1 0.556
3006 1 0.669
3007 1 0.957
3008 1 0.609
3009 1 0.001
3010 1 0.01
3011 1 0.001
3012 1 0.638
3013 1 0.524
3014 1 0.698
3015 1 0
3016 1 0
3017 1 0.166
3018 1 0.641
3019 1 0.001
3020 1 0
3021 1 0.003
3022 1 0.007
3023 1 0.609
3024 1 0
3025 1 0.001
3026 1 0.981
3027 1 0.709
3028 1 0
3029 1 0
3030 1 0
3031 1 0
3032 1 0
3033 1 0.595
3034 1 0.002
3035 1 0.007
3036 1 0
3037 1 0
3038 1 0
3039 1 0.636
3040 1 0.548
3041 1 0.686
3042 1 0
3043 1 0
3044 1 0.002
3045 1 0.524
3046 1 0
3047 1 0
3048 1 0
3049 1 0.675
3050 1 0
3051 1 0.001
3052 1 0.006
3053 1 0.027
3054 1 0.564
3055 1 0
3056 1 0.541
3057 1 0.591
3058 1 0
3059 1 0.558
3060 1 0
3061 1 0
3062 1 0
3063 1 0
3064 1 0
3065 1 0.529
3066 1 0.597
3067 1 0.59
3068 1 0.617
3069 1 0.014
3070 1 0.573
3071 1 0.999
3072 1 0
3073 1 0.022
3074 1 0.67
3075 1 0.671
3076 1 0.684
3077 1 0.017
3078 1 0.683
3079 1 0.003
3080 1 0.002
3081 1 0
3082 1 0
3083 1 0.637
3084 1 0
3085 1 0.959
3086 1 0.998
3087 1 0.995
3088 1 0.588
3089 1 0.007
3090 1 0
3091 1 0.998
3092 1 0.27
3093 1 0.67
3094 1 0
3095 1 0.031
3096 1 0.68
3097 1 0.511
3098 1 0.01
3099 1 0
3100 1 0.012
3101 1 0.003
3102 1 0.996
3103 1 0.679
3104 1 0.98
3105 1 0.018
3106 1 0.999
3107 1 0.568
3108 1 0.037
3109 1 0.003
3110 1 0
3111 1 0.003
3112 1 0.981
3113 1 0.007
3114 1 0.002
3115 1 0.004
3116 1 0.604
3117 1 0
3118 1 0.675
3119 1 0.033
3120 1 0
3121 1 0.885
3122 1 0.655
3123 1 0.005
3124 1 0.553
3125 1 0
3126 1 0
3127 1 0.002
3128 1 0.012
3129 1 0.604
3130 1 0.645
3131 1 0.002
3132 1 0.001
3133 1 0.069
3134 1 0
3135 1 0
3136 1 0.613
3137 1 0
3138 1 0.584
3139 1 0
3140 1 0.002
3141 1 0.596
3142 1 0.567
3143 1 0
3144 1 1
3145 1 0
3146 1 0.009
3147 1 0.547
3148 1 0.036
3149 1 0.702
3150 1 0.004
3151 1 0
3152 1 0.569
3153 1 0.236
3154 1 0.001
3155 1 0
3156 1 0
3157 1 0
3158 1 0.62
3159 1 0.554
3160 1 0.535
3161 1 0
3162 1 0.54
3163 1 0.005
3164 1 0
3165 1 0.004
3166 1 0
3167 1 0.038
3168 1 0
3169 1 0
3170 1 0
3171 1 0.645
3172 1 0.669
3173 1 0.681
3174 1 0.551
3175 1 0.02
3176 1 0.001
3177 1 0.679
3178 1 0.63
3179 1 0.596
3180 1 0.648
3181 1 0.002
3182 1 0.459
3183 1 0.003
3184 1 0
3185 1 0.004
3186 1 0.84
3187 1 0.997
3188 1 0.66
3189 1 0.646
3190 1 0.999
3191 1 0.002
3192 1 0
3193 1 0.556
3194 1 0.578
3195 1 0.957
3196 1 0.01
3197 1 0.005
3198 1 0.995
3199 1 0.001
3200 1 0.006
3201 1 0.685
3202 1 0.689
3203 1 0
3204 1 0.556
3205 1 0.993
3206 1 0.002
3207 1 0.003
3208 1 0.998
3209 1 0.004
3210 1 0.017
